$ANSIBLE_VAULT;1.2;AES256;user
30643964363130356630656239376666333963303663613831353963373837343266356136303530
3565353965646530323233646361393739346663646138350a346236663762323634326563643064
34366565616431303330353165333331336338353563303538393966303462303336626233643662
3638646537363231340a366530653161653332653634303232666363633665376430313834646564
32646535653637356466306363636237373438313863373266336633663336646662353765623764
35383339343039313836313462356336393563376663663961363835306130336430346264373633
34646166343834393230346235323766326138313730366364656464363364643737643165656563
64613465393266663435393134393132623135366436333565363236666338343534643138656231
65326237613361366262333063386530336534323830346430663036303234363761663066393261
30646331306237323965333033376136323736393132303166373162336435303038373134316362
38393339653836623438383234363136383561376565616666313832336462646261663537383631
37306661323061636663653862333766326463383463616363333837656138363730613432633530
31303564663866613462393862373063643263376232653630373834333938396138633962376162
35396239663365383133356465373131643635376563346230333636346632323262366561353565
36336565346561333335353565663336376537376364376266313235383731363038653964343932
33643461386363326531343362336230363838306162323231613436386139383433653730626338
39396435333835353966663332333738646462386162373162306532363434366466663832623263
38316264623337306337663064633263663863393231383865386465386263333735303535383932
38623037613837323135663134663131643566613964663439613932333563653565346461396464
62326234643163313831333039663230616239313563643266386432356461613437336462636636
36666434323561396465363938373231383439356538373231323634376332386235343966306131
62353263336134643261623030663539366665643832656237666131303735633030313534326663
30363333616138316362656339353061393961373836333238316539636539393062643839306639
37386138313833393431656666343736663436343861356338353839613362663661303334386336
36383832396431393636363930636666376562366465363532303435613734316162316263666630
33666436623165383262633234653261363739353362373433636633613565343961376531666536
63333532386430323763376564386264636262666533333730616162356638373963346633626133
66623966616635623266653764303366353234623238386630343033613364323366373235353266
61336431666661316438363462656262396137316334633764623633386639633338663034616132
63383532303732313739306363346561346339376564343165336265343664653066383931366338
62643534396332633531613761356634303836336366656663623236633332633165383164633836
63626231386335656366366265633962613066633038376635393730386361353764353237336565
39336638343963346438333732326631613638663938336236346335356335653334616132616166
66323539353866303366653662396165373637636536653831666362316662633562353231383737
32383731663461643961633631343630613431306337373338666631646463613162646533356133
33386439373931343337653864616332393732343638376635393464636166353264383764626433
64626532316135306136623639616437613464303634326161623538333738376330356163386262
36396161646363656564353936343062343562633966353031323366653639343565346239386566
39643633356663323561373437356566663765306339663934663461666432353230646663333931
36393638633261353439646562663036356537313330623035643561386639363531363763613930
34303739653937353433323964656364636433363763373131313532633639313962313830303735
62323236343337646336633034653465623361616339363038633639356465623936626636616563
35656639346432643764363938376663363164343632623230306533366536663665346661666433
33646265313031393362656233346234346237356565343830393632316439393438613033303163
32303634666531323732613266386431633364326638356131373230336631616663613331636237
36316430306465653362656133616433373335326466643062383133653335356432373536383039
31386636343638386135356639653031363864396563373433666630313437363563383434383430
66323533393637653736306437353766333931653633393732316636356134383931333965633430
38613838323737633031656539613439316232396564663765336365353361333631633662663732
65363133376431373433653261656533666339653133393931646361363964623031383130383839
65346136346134633838616264373936613661313164343666666337326664616332393136636331
36626533343835633662393739343235333231386565373065356136306266666234323732313462
36646437623563346331373762303033613239303535613461393731336232326234393030393431
61613431623234393763383561343730396338393131346338303832326131636162396362646261
36653661633833646362366439393332346534333130626161633862383365313330396631386466
64363861313934303263356335616634626239313934623361626631366663373738613136326633
34396462613361303764646638303533323834393262326132653036386461363335633038633465
64326566653833386533663534363838363733336163613038636230666331353038643338326134
61663031363139393735363863313139343338623064663865343464663961366263326336396533
38333364653031646338636166666563313536303437336633613765633039663662663738383935
30343931333530303531383635373766613931393131653432363536663363383732373238613236
36636530336638393964376666623339323466656564333062366264376435326661336265376638
66393236326466373163633832663430303034653263623737383562333232363634623837396433
66393037356437623332306230353063356437326131363334376661386533373062646236666266
35393031653337393131643061376432383737303764393862376363633333313762396433343039
61356637306238613331613162346166396630383465626666353565653430386366656562386539
65363734373730366166613137653762343936386265386663656330636432366437363336316335
30316563353636306530303737356139303237373932373231616230386539353435383531336431
31346334346166613631646635653763373364613866383232656464383066303033626137363163
61316364646335643566343162393838396632336366663765306237373063613161373037316165
63383433303763663832393730346164383731313362333939633036326665366238663833363236
65396339616537393264663136633536623537383332326634663862666333303465306666373031
62336466626366353866663635636232366466353561656139373433356362363831343238666565
66343330373063363765616562623066306330326631613764376364666164393238353531616462
66313864656264383738623739643530303731656163636136633938316331353665313732333533
35343734373833326164336563393538646331326539363564346539643638623839623930323932
31323432613165643937343831386364326164306333663034363030626332636536386466653131
39376133306262353639336663643132313035663936383236343462346530333966343161333562
65353166373633653836336565626139333265643964393635626137343131383365336336613636
64393634303266356438636530353866343865613936653261303932663162616531353962363135
30636462666237393562636332386663663233646233653061623630643631633536656235663165
33376232663338363638313638653761386537336331393862386532376664646536343938343261
32313433623831326466323834653032383835613836663137663434646130376430663939333862
32313236663130616336633563646339366133383265363931366662653234636234313933363363
37643366323831393632333665353938376533303630353161626364393236316563343830323031
61306638656632303031653066346665643765633538643261353437616262356163306261666365
65663738643036333339316439616163666239383538396663343761643764366331663433373866
61613134613633646638313438613430666538313863373231653537346237656665626561633737
38656164326265313934353237616166393238383465633963653437663530643665336236343236
61323137653931653261613137386332376439363063383031373730383839316131623064613231
66396632666334393466306631653665373732303134306466666439663630386134663430363933
39383238386336353239363264636363306462383565663239363537626164633664613233646237
30626365353364643636666162366636643432366233643137383261313230363333333035366135
32376263323562306539353533343939303931663665666638626534306164306138633437663234
31613134366262656465613439623834656631623264626531336266316336623064363130333033
36393137663937373137356639336438336230383636366437393466366564623961313166636564
34383137333864363262663164313766383463333237326539346536346538346661626438656138
34616132623462383432356561643739653235666432393736373330613565623566333635366164
37343937343361616534633961623838386233383565653836633237356533373932396662353934
62333263326461366238363435316462653934626265633330623962386532623738653637353433
35343863626464663665343666393333386365363338666437363335636637646532313131626165
66663936623064646665316466633164333436616162663839393335373536383561303863323063
39633933326661656235353532386130643835316631623332303263393533323231376435336462
36353836643633666563303933353937393264376537303562633736313262623266313530303439
36393436396630663735303562333633326364353737393131656334643261393162363734373234
38353866636639323533663034303765666566393839363762613738333335356431356536376163
30653537653037313866666532363366326466663566623030333762353238353735623566303866
33636637346263656465626566656532343735313737366630346464666534653930383234373131
34376437353934643462646166326165653163343264333535383730646130336561313034316239
65666231663831653035656339656162653437633965396466626662383963353837326335333233
34336630643533306232643364613964393633393739313235396466663736613265626564303031
34336165336235306136386539633063303835323437343432376232386631336332366364313533
32633164303762356466623061636134373539623666323561396335656530303233613766303462
30626433626239653365366135323839313465303130316437303630646234636334303133663138
35633864643565346638363039616133356235623062346333326161353933383539393263373064
36616235343230623839373732343134386435643130376230666234646534346165356132336465
39333531383232393165346365626565386439356338313733656439313238333162386363363534
66623233383862636238333461393938376665356564633033343832373635613735616264353732
39363434633934383439346461623637323530653230343861323439663830646533383030653539
63346430656330646137383738636637643639333065373530323861653137656363383531333439
31303732393466333936613133303263613762623433306466326133303631346132353238633966
37363938306262393164326133363465336461643634356334613262373363613034663939613039
33373264363038313961313434326361323036663931353738346264383335613032663039623739
61393635633763343665373730373035373438376636633466653661616565303761663665393561
38323937363630396362306431343233323933643461663733373139326339633635663536366539
35336263303161343262343339613466633561653566323362393432303939363738363430363261
35653635366238656161643763626262653033633163373566626132323930663936306363636631
31383366313665383035336336356666623137383434313136353362353665363239353534623037
35303931666238353164396330363039623262376365623164346636623861336530653431646339
37376139393061613732616630306338646533316630653962613566626231316332356263363039
39626362343634656235353232376263323634653938363166623762333961636464613034643432
35333661303731313730333362373163363462326138653162346136396565373438636135336561
39346136643531373934616365626364616562346362613136643832643766313438636165343139
61376163363136653463623138653437636631626330306136623063376637383663396565393366
62363531333939346538643662376563303766666662353237333662663863383238633631323963
33666161643636333331353463396130336663386438623062653038363230363533306536613137
65363464396535316436386561626336666639663533383136383762303033353465653536383061
35663833623164626663656133346563303130393831353765653861323664646533613732326234
62633432343266366430653136383231366131616365633263613663333034656430633930393662
37613337333633313232333239663935643034353139353339393735373761366261356661376133
38653331636532376431386234386461623261336631666563643433306665343631313939353136
63616165373639666531633130663732343739306336623866393831323036336632383762333033
30636530646237633335653835393966646462346439656635653838623666356137626237356465
33333032336533356433653431336366353339366561646565633031303637383666333532303936
37633335633432353837633034313734316562633833356538663462626230613534373663363937
35326137626333656233343338623034366135366362303231653231643837313431383466623739
33323565666534616462623238383534303037613036393863626133616630313033323938303061
37613335303562396263633734333966303864653830393233663663623865383831343932303862
33353031326432313762613065653834316163313431373566613335623834363762313664383038
31326330396265363634623261386664646538653036393232396366623162613038333431666134
34383938363463666131383765306537353165626537396534303664663464643161306633333534
30643031666462643339353735616435336164386136366236386362313930353737613339663431
37373266346462313136623739343737376364353964336362393835656139303334383334383136
30386665373432393836653230336534643933613831323135356439346639306165616631356661
39393061666666323163353933633165643836616631663436336430633465346366616337303062
35656633396333306138633034343831366438336561663564656661633530666165613763656131
35666430356534383463646563333633613439653565323631303263373930333635646333666232
61313135353461393637386530386666383033626338386363666162643361643531366636653335
31633936323665626565313266346462656264643637363635396263653736313230616239626234
62383837306462363561313235666465653766643762653738653933383536656332633635383339
66376163343863356464323132656633646535336566666266313938306631366633663630633237
39326639356138396334323238633263656565316231616439623963313765366362666637656536
31313632343935653432366531333664636465336664396662366337323762316362376532613835
64656365643033346430616466306330653238303036666464636166666535663830393132613633
31303330343139626635653238643336336637333933663738396563396531306561333064313164
6632653630633166613539343363663566616462346164383734
